              precision    recall  f1-score   support

           0       0.94      1.00      0.97       263
           1       0.87      0.92      0.90       866
           2       0.95      0.99      0.97       938
           3       0.98      0.99      0.99       358
           4       0.95      0.97      0.96       238
           5       0.94      0.92      0.93       168
           6       0.98      0.85      0.91       114
           7       0.93      0.88      0.91       130
           8       0.86      0.89      0.87       108
           9       0.79      0.85      0.82       105
       Delta       1.00      0.75      0.86        16
     F_upper       0.91      1.00      0.95        20
     H_upper       0.68      0.93      0.79        14
     L_upper       0.89      0.80      0.84        10
     M_upper       0.68      0.60      0.64        25
     N_upper       0.94      0.94      0.94        18
     R_upper       0.85      0.82      0.84        40
     T_upper       0.79      0.92      0.85        24
     V_upper       0.81      0.86      0.83        29
           a       0.91      0.94      0.93       361
       alpha       0.86      0.83      0.84        98
           b       0.91      0.86      0.88       230
        beta       0.83      0.96      0.89        51
           c       0.78      0.97      0.87       135
       comma       0.58      0.28      0.38        92
         cos       0.99      0.97      0.98        86
           d       0.92      0.99      0.95       183
         div       1.00      0.50      0.67        10
  dot_symbol       0.14      0.56      0.23         9
           e       0.86      0.94      0.90        85
          eq       0.99      0.99      0.99       540
 exclamation       1.00      0.87      0.93        15
      exists       1.00      1.00      1.00         4
     f_lower       0.90      0.77      0.83       101
      forall       1.00      0.25      0.40         4
           g       0.59      0.64      0.62        45
       gamma       0.55      0.80      0.65        15
         geq       0.97      0.88      0.92        33
          gt       0.95      1.00      0.98        21
     h_lower       0.67      0.34      0.45        29
           i       0.92      0.96      0.94       136
          in       0.86      0.67      0.75         9
    infinity       0.98      0.91      0.94        56
         int       0.85      0.95      0.90        93
           j       0.87      0.76      0.81        45
           k       0.85      0.87      0.86       121
     l_lower       0.37      0.47      0.41        15
      lambda       1.00      0.77      0.87        13
      lbrace       0.82      0.82      0.82        11
    lbracket       0.98      0.98      0.98        51
       ldots       1.00      1.00      1.00        30
         leq       1.00      0.95      0.97        60
         lim       0.83      0.83      0.83        41
         log       0.98      1.00      0.99        52
      lparen       0.98      0.93      0.96       596
          lt       0.95      0.92      0.94        39
     m_lower       0.80      0.85      0.82        41
       minus       1.00      0.98      0.99       783
          mu       0.90      0.90      0.90        20
     n_lower       0.92      0.83      0.87       310
         neq       0.92      0.96      0.94        23
           o       0.00      0.00      0.00        17
           p       1.00      0.83      0.91        78
         phi       1.00      0.59      0.74        17
          pi       0.91      0.90      0.91       103
        plus       0.95      0.97      0.96       787
          pm       0.93      0.95      0.94        39
       prime       0.50      0.18      0.27        11
           q       0.78      0.40      0.53        45
     r_lower       0.76      0.63      0.69        30
      rbrace       1.00      0.55      0.71        11
    rbracket       0.91      1.00      0.95        48
  rightarrow       0.95      0.98      0.97        58
      rparen       0.95      0.98      0.97       596
           s       0.88      0.56      0.68        27
       sigma       0.50      1.00      0.67         9
         sin       0.99      0.96      0.98       105
       slash       0.46      0.58      0.51        33
        sqrt       0.97      0.99      0.98       284
         sum       0.98      0.90      0.94        97
     t_lower       0.73      0.84      0.78        70
         tan       0.82      0.89      0.85        36
       theta       0.98      0.94      0.96        94
       times       0.75      0.07      0.13        86
           u       0.72      0.98      0.83        43
     v_lower       1.00      0.33      0.50         9
vertical_bar       0.00      0.00      0.00        54
           w       0.96      0.92      0.94        24
           x       0.86      0.97      0.91       796
           y       0.89      0.91      0.90       275
           z       0.83      0.79      0.81       153

    accuracy                           0.91     12211
   macro avg       0.84      0.80      0.81     12211
weighted avg       0.91      0.91      0.91     12211
